0,510
0,509
0,472
30,4
30,1
30,3
25,2
25,4
25,1
25,3
28,4
28,1
28,3
24,1
24,3
10,115
10,293
10,203
10,93
10,255
10,221
10,99
10,201
11,5
11,26
11,19
11,14
9,5
8,4
8,6
8,14
46,3
46,2
46,1
46,0
45,5
45,4
45,3
45,2
45,1
45,0
42,5
42,4
42,3
42,2
42,1
42,0
40,5
40,4
40,3
40,2
40,1
40,0
36,4
36,3
36,2
36,1
36,0
35,4
35,3
35,2
35,1
35,0
34,5
34,4
34,3
34,2
34,1
34,0
20,3
20,2
20,1
19,3
19,2
19,1
12,3
12,2
12,1
11,22
11,17
11,16
11,13
11,10
11,9
11,8
11,6
11,3
11,2
11,1
10,310
10,286
10,266
10,248
18,1
10,170
18,3
10,104
10,24
10,8
10,3
10,2
14,1
10,1
9,7
9,6
14,3
9,4
9,3
13,1
9,2
